<?xml version="1.0"?>
<opencv_storage>
<D1 type_id="opencv-matrix">
  <rows>1</rows>
  <cols>5</cols>
  <dt>d</dt>
  <data>
    4.1485117341915972e-001 -3.7625766558176497e+000 0. 0.
    1.2105402184061493e+001</data></D1>
</opencv_storage>
