<?xml version="1.0"?>
<opencv_storage>
<D2 type_id="opencv-matrix">
  <rows>1</rows>
  <cols>5</cols>
  <dt>d</dt>
  <data>
    3.8041818160520906e+000 -5.7382444076997423e+001 0. 0.
    2.4705483547649777e+002</data></D2>
</opencv_storage>
