<?xml version="1.0"?>
<opencv_storage>
<M1 type_id="opencv-matrix">
  <rows>3</rows>
  <cols>3</cols>
  <dt>d</dt>
  <data>
    2.5930014871043102e+002 0. 1.7951640231237377e+002 0.
    2.5930014871043102e+002 9.3550902157250121e+001 0. 0. 1.</data></M1>
</opencv_storage>
