<?xml version="1.0"?>
<opencv_storage>
<M2 type_id="opencv-matrix">
  <rows>3</rows>
  <cols>3</cols>
  <dt>d</dt>
  <data>
    2.5930014871043102e+002 0. 1.6300479814573404e+002 0.
    2.5930014871043102e+002 1.1436557951999856e+002 0. 0. 1.</data></M2>
</opencv_storage>
