<?xml version="1.0"?>
<opencv_storage>
<P1 type_id="opencv-matrix">
  <rows>3</rows>
  <cols>4</cols>
  <dt>d</dt>
  <data>
    2.5930014871043102e+002 0. 1.6945452976226807e+002 0. 0.
    2.5930014871043102e+002 1.2253102117776871e+002 0. 0. 0. 1. 0.</data></P1>
</opencv_storage>
