<?xml version="1.0"?>
<opencv_storage>
<P2 type_id="opencv-matrix">
  <rows>3</rows>
  <cols>4</cols>
  <dt>d</dt>
  <data>
    2.5930014871043102e+002 0. 1.9557031583786011e+002
    -2.6323757737374890e+003 0. 2.5930014871043102e+002
    1.2253102117776871e+002 0. 0. 0. 1. 0.</data></P2>
</opencv_storage>
