<?xml version="1.0"?>
<opencv_storage>
<Q type_id="opencv-matrix">
  <rows>4</rows>
  <cols>4</cols>
  <dt>d</dt>
  <data>
    1. 0. 0. -1.6945452976226807e+002 0. 1. 0. -1.2253102117776871e+002
    0. 0. 0. 2.5930014871043102e+002 0. 0. -9.8504230018145358e-002
    2.5725153986947964e+000</data></Q>
</opencv_storage>
