<?xml version="1.0"?>
<opencv_storage>
<R1 type_id="opencv-matrix">
  <rows>3</rows>
  <cols>3</cols>
  <dt>d</dt>
  <data>
    9.9622039946555319e-001 -1.3370372458080560e-002
    -8.5826271205416943e-002 1.1385019818596586e-002
    9.9965711940601909e-001 -2.3580181182299362e-002
    8.6112118847603225e-002 2.2513923718270448e-002
    9.9603103677866600e-001</data></R1>
</opencv_storage>
