<?xml version="1.0"?>
<opencv_storage>
<R2 type_id="opencv-matrix">
  <rows>3</rows>
  <cols>3</cols>
  <dt>d</dt>
  <data>
    9.8933068456886675e-001 -4.3261270520268541e-002
    -1.3911599132906899e-001 4.6467537192316784e-002
    9.9872193798774744e-001 1.9881110866305330e-002
    1.3807811034982378e-001 -2.6133370524480948e-002
    9.9007650330025121e-001</data></R2>
</opencv_storage>
